4001 25 1
4002 25 1
4003 25 1
4004 25 1
4005 25 1
4006 25 1
4007 25 1
4008 25 1
4009 25 1
4010 25 1
4011 25 1
4013 25 1
4015 25 1
4051 25 1
4052 25 1
4053 25 1
4054 25 1
4055 25 1
4056 25 1
4057 25 1
4058 25 1
4059 25 1
4060 25 1
4061 25 1
4062 25 1
4063 25 1
4064 25 1
4065 25 1
4066 25 1
4067 25 1
4068 25 1
4070 25 1
4077 25 1
4078 25 1
4079 25 1
4080 25 1
4081 25 1
4082 25 1
4083 25 1
4084 25 1
4085 25 1
4086 25 1
4087 25 1
4088 25 1
4089 25 1
4090 25 1
4201 25 1
4202 25 1
4203 25 1
4204 25 1
4206 25 1
4207 25 1
4251 25 1
4252 25 1
4253 25 1
4254 25 1
4255 25 1
4256 25 1
4257 25 1
4258 25 1
4259 25 1
4260 25 1
4262 25 1
4263 25 1
4264 25 1
4265 25 1
4266 25 1
4267 25 1
4269 25 1
4272 25 1
4273 25 1
4401 25 1
4402 25 1
4403 25 1
4404 25 1
4405 25 1
4406 25 1
4407 25 1
4408 25 1
4409 25 1
4410 25 1
4411 25 1
4412 25 1
4413 25 1
4414 25 1
4451 25 1
4452 25 1
4453 25 1
4454 25 1
4455 25 1
4456 25 1
4457 25 1
4458 25 1
4459 25 1
4460 25 1
4461 25 1
4462 25 1
4463 25 1
4464 25 1
4465 25 1
4466 25 1
4467 25 1
4468 25 1
4469 25 1
4470 25 1
4481 25 1
4483 25 1
4485 25 1
4490 25 1
4491 25 1
4492 25 1
4493 25 1
4494 25 1
4801 25 1
4802 25 1
4803 25 1
4804 25 1
4805 25 1
4901 25 1
4902 25 1
9746 25 1
820138 25 1
4601 25 2
4602 25 2
4603 25 2
4604 25 2
4605 25 2
4606 25 2
4607 25 2
4608 25 2
4609 25 2
4610 25 2
4611 25 2
4612 25 2
4613 25 2
4614 25 2
4615 25 2
4616 25 2
4619 25 2
4621 25 2
4651 25 2
4652 25 2
4653 25 2
4654 25 2
4655 25 2
4656 25 2
4657 25 2
4658 25 2
4659 25 2
4660 25 2
4661 25 2
4662 25 2
4663 25 2
4664 25 2
4665 25 2
4666 25 2
4667 25 2
4668 25 2
4669 25 2
4670 25 2
4671 25 2
4672 25 2
4673 25 2
4674 25 2
4675 25 2
4676 25 2
4677 25 2
4678 25 2
4680 25 2
4681 25 2
4682 25 2
4683 25 2
4685 25 2
4686 25 2
4687 25 2
4688 25 2
4689 25 2
4691 25 2
4694 25 2
4695 25 2
4696 25 2
4697 25 2
4698 25 2
4699 25 2
4700 25 2
4701 25 2
4702 25 2
4703 25 2
4710 25 2
4711 25 2
4712 25 2
4721 25 2
4722 25 2
4723 25 2
5001 25 2
5002 25 2
5003 25 2
5004 25 2
5005 25 2
5006 25 2
5007 25 2
5008 25 2
5009 25 2
5010 25 2
5011 25 2
5012 25 2
5013 25 2
5014 25 2
5015 25 2
5016 25 2
5017 25 2
5018 25 2
5019 25 2
5020 25 2
5023 25 2
5024 25 2
5401 25 2
5402 25 2
5403 25 2
5404 25 2
5405 25 2
5406 25 2
5407 25 2
5408 25 2
5409 25 2
5410 25 2
5411 25 2
5412 25 2
5413 25 2
5414 25 2
5415 25 2
5416 25 2
5417 25 2
5418 25 2
5419 25 2
5420 25 2
5421 25 2
5422 25 2
5423 25 2
5424 25 2
5425 25 2
5426 25 2
5427 25 2
5428 25 2
5429 25 2
5430 25 2
5431 25 2
5432 25 2
5433 25 2
5434 25 2
5435 25 2
5436 25 2
5437 25 2
5438 25 2
5439 25 2
5440 25 2
5441 25 2
5442 25 2
5443 25 2
5444 25 2
5445 25 2
5446 25 2
5447 25 2
5448 25 2
5450 25 2
5451 25 2
5452 25 2
5453 25 2
5454 25 2
5455 25 2
5456 25 2
5457 25 2
5458 25 2
5459 25 2
5460 25 2
5461 25 2
5462 25 2
5464 25 2
5465 25 2
5466 25 2
5467 25 2
5468 25 2
5470 25 2
5471 25 2
5472 25 2
5473 25 2
5474 25 2
5475 25 2
5476 25 2
5477 25 2
5478 25 2
5479 25 2
5480 25 2
5481 25 2
5482 25 2
5484 25 2
5485 25 2
5486 25 2
5487 25 2
5488 25 2
5489 25 2
5490 25 2
5491 25 2
5492 25 2
5493 25 2
5494 25 2
5495 25 2
5496 25 2
5497 25 2
5498 25 2
5499 25 2
5500 25 2
5501 25 2
5502 25 2
5503 25 2
5504 25 2
5505 25 2
5506 25 2
5507 25 2
5508 25 2
5509 25 2
5515 25 2
5516 25 2
5517 25 2
5518 25 2
5519 25 2
5520 25 2
5521 25 2
5522 25 2
5523 25 2
5524 25 2
5525 25 2
5526 25 2
5527 25 2
5528 25 2
5529 25 2
5530 25 2
5531 25 2
5532 25 2
5536 25 2
5537 25 2
5538 25 2
5544 25 2
5546 25 2
5548 25 2
5550 25 2
5552 25 2
5553 25 2
5554 25 2
5555 25 2
5556 25 2
5557 25 2
5558 25 2
5559 25 2
5600 25 2
820101 25 2
820102 25 2
820104 25 2
820107 25 2
820109 25 2
820131 25 2
820136 25 2
820145 25 2
820909 25 2
5205 25 3
6701 25 3
6702 25 3
6703 25 3
6704 25 3
6705 25 3
6706 25 3
6707 25 3
6708 25 3
6709 25 3
6710 25 3
6711 25 3
6712 25 3
6714 25 3
6715 25 3
6716 25 3
6717 25 3
6718 25 3
6719 25 3
6721 25 3
6722 25 3
6723 25 3
6724 25 3
6728 25 3
6729 25 3
6730 25 3
6733 25 3
6734 25 3
6735 25 3
6801 25 3
6802 25 3
6803 25 3
6804 25 3
6805 25 3
6806 25 3
6807 25 3
6808 25 3
6809 25 3
6810 25 3
6811 25 3
6812 25 3
6813 25 3
6814 25 3
6815 25 3
6816 25 3
6817 25 3
6818 25 3
6819 25 3
6820 25 3
6821 25 3
6822 25 3
6823 25 3
6824 25 3
6825 25 3
6826 25 3
6827 25 3
6828 25 3
6829 25 3
6830 25 3
6901 25 3
6902 25 3
6903 25 3
6904 25 3
6905 25 3
6907 25 3
6908 25 3
6909 25 3
6910 25 3
6911 25 3
6912 25 3
6913 25 3
6914 25 3
6915 25 3
6916 25 3
6917 25 3
6918 25 3
6919 25 3
6921 25 3
6922 25 3
6923 25 3
6924 25 3
6925 25 3
6926 25 3
6927 25 3
6928 25 3
6929 25 3
6930 25 3
6931 25 3
6932 25 3
6933 25 3
6934 25 3
6935 25 3
6936 25 3
6937 25 3
6938 25 3
6939 25 3
6940 25 3
6941 25 3
6942 25 3
6943 25 3
6944 25 3
6945 25 3
6946 25 3
6947 25 3
6948 25 3
6949 25 3
6950 25 3
6952 25 3
6953 25 3
6954 25 3
6955 25 3
6956 25 3
6958 25 3
6959 25 3
6960 25 3
6961 25 3
6962 25 3
6963 25 3
6964 25 3
6965 25 3
6966 25 3
6967 25 3
6968 25 3
6969 25 3
6970 25 3
6972 25 3
6973 25 3
6974 25 3
6975 25 3
6976 25 3
6978 25 3
6979 25 3
6980 25 3
6981 25 3
6982 25 3
6983 25 3
6984 25 3
6985 25 3
6986 25 3
6987 25 3
6988 25 3
6989 25 3
6990 25 3
6992 25 3
6993 25 3
6994 25 3
6995 25 3
6996 25 3
6997 25 3
6998 25 3
6999 25 3
7000 25 3
7001 25 3
7002 25 3
7003 25 3
7004 25 3
7005 25 3
7006 25 3
7007 25 3
7008 25 3
7009 25 3
7010 25 3
7011 25 3
7012 25 3
7013 25 3
7014 25 3
7015 25 3
7016 25 3
7017 25 3
7018 25 3
7019 25 3
7020 25 3
7021 25 3
7022 25 3
7023 25 3
7024 25 3
7025 25 3
7026 25 3
7028 25 3
7029 25 3
7030 25 3
7101 25 3
7102 25 3
7103 25 3
7104 25 3
7105 25 3
7106 25 3
7107 25 3
7201 25 3
7202 25 3
7203 25 3
7204 25 3
7205 25 3
7206 25 3
7207 25 3
7301 25 3
7302 25 3
7303 25 3
7304 25 3
7305 25 3
7306 25 3
7307 25 3
7308 25 3
7309 25 3
7311 25 3
7312 25 3
7313 25 3
7314 25 3
7315 25 3
7316 25 3
7317 25 3
7318 25 3
7319 25 3
7320 25 3
7321 25 3
7322 25 3
7323 25 3
7324 25 3
7325 25 3
7327 25 3
7328 25 3
7329 25 3
7330 25 3
7331 25 3
7333 25 3
7334 25 3
7335 25 3
7336 25 3
7337 25 3
7339 25 3
7340 25 3
7341 25 3
7342 25 3
7343 25 3
7345 25 3
7346 25 3
7347 25 3
7348 25 3
7360 25 3
7361 25 3
7362 25 3
8934 25 3
8935 25 3
8936 25 3
8939 25 3
8940 25 3
8941 25 3
8944 25 3
8945 25 3
8946 25 3
8949 25 3
8950 25 3
8951 25 3
820108 25 3
820110 25 3
820113 25 3
820117 25 3
820118 25 3
820119 25 3
820120 25 3
820121 25 3
820122 25 3
820123 25 3
820124 25 3
820125 25 3
820126 25 3
820127 25 3
820128 25 3
820129 25 3
820130 25 3
820301 25 3
820302 25 3
820303 25 3
820306 25 3
820307 25 3
820308 25 3
820311 25 3
820312 25 3
820313 25 3
820316 25 3
820317 25 3
820318 25 3
820908 25 3
6001 25 4
6002 25 4
6003 25 4
6004 25 4
6005 25 4
6006 25 4
6008 25 4
6009 25 4
6010 25 4
6012 25 4
6013 25 4
6014 25 4
6015 25 4
6016 25 4
6017 25 4
6018 25 4
6019 25 4
6020 25 4
6021 25 4
6022 25 4
6023 25 4
6024 25 4
6025 25 4
6026 25 4
6027 25 4
6028 25 4
6029 25 4
6030 25 4
6031 25 4
6038 25 4
6039 25 4
6151 25 4
6152 25 4
6153 25 4
6154 25 4
6155 25 4
6156 25 4
6157 25 4
6158 25 4
6159 25 4
6160 25 4
6161 25 4
6162 25 4
6163 25 4
6164 25 4
6165 25 4
6166 25 4
6167 25 4
6168 25 4
6169 25 4
6170 25 4
6171 25 4
6172 25 4
6173 25 4
6174 25 4
9747 25 4
820157 25 4
820158 25 4
820159 25 4
820160 25 4
6201 25 5
6202 25 5
6203 25 5
6204 25 5
6205 25 5
6206 25 5
6208 25 5
6209 25 5
6210 25 5
6212 25 5
6213 25 5
6214 25 5
6215 25 5
6216 25 5
6217 25 5
6218 25 5
6219 25 5
6220 25 5
6221 25 5
6222 25 5
6223 25 5
6224 25 5
6225 25 5
6226 25 5
6227 25 5
6228 25 5
6356 25 5
7901 25 6
7902 25 6
7903 25 6
7904 25 6
7905 25 6
7906 25 6
7908 25 6
7909 25 6
7910 25 6
7911 25 6
7912 25 6
7913 25 6
7914 25 6
7915 25 6
7916 25 6
7917 25 6
7921 25 6
7922 25 6
7923 25 6
7924 25 6
7925 25 6
7953 25 6
7954 25 6
7955 25 6
7956 25 6
7957 25 6
7958 25 6
7959 25 6
7960 25 6
7961 25 6
9726 25 6
9731 25 6
9732 25 6
9735 25 6
6515 25 7
6516 25 7
6520 25 7
6521 25 7
6535 25 7
8501 25 7
8502 25 7
8503 25 7
8504 25 7
8505 25 7
8506 25 7
8507 25 7
8508 25 7
8509 25 7
8510 25 7
8511 25 7
8512 25 7
8513 25 7
8514 25 7
8515 25 7
8516 25 7
8517 25 7
8518 25 7
8519 25 7
8520 25 7
8521 25 7
8522 25 7
8523 25 7
8524 25 7
8525 25 7
8526 25 7
8527 25 7
8528 25 7
8529 25 7
8530 25 7
8531 25 7
8532 25 7
8533 25 7
8534 25 7
8535 25 7
8536 25 7
8537 25 7
8538 25 7
8539 25 7
8540 25 7
8541 25 7
8542 25 7
8543 25 7
8544 25 7
8545 25 7
8546 25 7
8547 25 7
8548 25 7
8549 25 7
8550 25 7
8551 25 7
8552 25 7
8553 25 7
8554 25 7
8555 25 7
8556 25 7
8557 25 7
8558 25 7
8559 25 7
8560 25 7
8561 25 7
8562 25 7
8563 25 7
8564 25 7
8565 25 7
8566 25 7
8567 25 7
8568 25 7
8569 25 7
8570 25 7
8571 25 7
8572 25 7
8573 25 7
8574 25 7
8575 25 7
8576 25 7
8577 25 7
8578 25 7
8579 25 7
8581 25 7
8582 25 7
8583 25 7
8584 25 7
8585 25 7
8586 25 7
8587 25 7
8588 25 7
8589 25 7
8590 25 7
8591 25 7
8592 25 7
8593 25 7
8594 25 7
8595 25 7
8596 25 7
8597 25 7
8598 25 7
8599 25 7
8600 25 7
8601 25 7
8602 25 7
8603 25 7
8604 25 7
8605 25 7
8629 25 7
8630 25 7
8631 25 7
8632 25 7
8633 25 7
8634 25 7
8635 25 7
8636 25 7
8637 25 7
8638 25 7
8639 25 7
8640 25 7
8641 25 7
8642 25 7
8643 25 7
8644 25 7
8645 25 7
8646 25 7
8647 25 7
8648 25 7
8649 25 7
8650 25 7
8651 25 7
8652 25 7
8653 25 7
8654 25 7
8655 25 7
8656 25 7
8657 25 7
8658 25 7
8659 25 7
8660 25 7
8661 25 7
8662 25 7
8663 25 7
8664 25 7
8665 25 7
8666 25 7
8667 25 7
8668 25 7
8669 25 7
8670 25 7
8671 25 7
8672 25 7
8673 25 7
8674 25 7
8675 25 7
8676 25 7
8677 25 7
8678 25 7
8679 25 7
8680 25 7
8681 25 7
820526 25 7
820527 25 7
820529 25 7
820530 25 7
820531 25 7
820532 25 7
820533 25 7
820534 25 7
820538 25 7
820539 25 7
820540 25 7
820541 25 7
820543 25 7
820544 25 7
820545 25 7
820547 25 7
820548 25 7
212 25 8
1178 25 8
4076 25 8
4476 25 8
4477 25 8
4478 25 8
4479 25 8
4684 25 8
4903 25 8
4917 25 8
5206 25 8
5301 25 8
5302 25 8
5535 25 8
5601 25 8
5602 25 8
5603 25 8
5604 25 8
5605 25 8
5606 25 8
5801 25 8
5802 25 8
5803 25 8
5804 25 8
5851 25 8
5852 25 8
5853 25 8
5854 25 8
5855 25 8
5856 25 8
5857 25 8
5858 25 8
5859 25 8
5860 25 8
5861 25 8
5862 25 8
5863 25 8
5864 25 8
5865 25 8
5870 25 8
5960 25 8
5964 25 8
6183 25 8
6185 25 8
6351 25 8
6352 25 8
6353 25 8
6354 25 8
6355 25 8
6501 25 8
6504 25 8
6505 25 8
6506 25 8
6524 25 8
6525 25 8
6526 25 8
6527 25 8
6528 25 8
6533 25 8
6601 25 8
6602 25 8
6603 25 8
6604 25 8
6605 25 8
6606 25 8
6651 25 8
6652 25 8
6653 25 8
6656 25 8
6657 25 8
7701 25 8
7702 25 8
7703 25 8
7704 25 8
8411 25 8
8427 25 8
8428 25 8
9003 25 8
9004 25 8
9006 25 8
9057 25 8
9061 25 8
9062 25 8
9063 25 8
9064 25 8
9065 25 8
9066 25 8
9069 25 8
9070 25 8
9072 25 8
9073 25 8
9075 25 8
9076 25 8
9077 25 8
9078 25 8
9353 25 8
9364 25 8
9365 25 8
9727 25 8
9728 25 8
9729 25 8
9733 25 8
9736 25 8
9737 25 8
9741 25 8
9748 25 8
9751 25 8
9768 25 8
9773 25 8
9774 25 8
9778 25 8
9779 25 8
9791 25 8
9792 25 8
16901 25 8
16902 25 8
16903 25 8
44084 25 8
44332 25 8
44335 25 8
44336 25 8
44362 25 8
44364 25 8
44461 25 8
44462 25 8
44475 25 8
44497 25 8
44498 25 8
56221 25 8
56259 25 8
59881 25 8
65212 25 8
65266 25 8
65317 25 8
65318 25 8
820017 25 8
820022 25 8
820910 25 8
4987 30 1
4998 30 1
4999 30 1
5000 30 1
16001 30 1
16004 30 1
44195 30 1
45078 30 1
65319 30 1
65323 30 1
721003 30 1
4912 30 2
4913 30 2
8141 30 2
8148 30 2
8149 30 2
8181 30 2
8182 30 2
8417 30 2
8421 30 2
8432 30 2
9771 30 2
9787 30 2
9793 30 2
820018 30 2
504 35 1
505 35 1
506 35 1
523 35 1
670 35 1
671 35 1
672 35 1
673 35 1
676 35 1
677 35 1
678 35 1
679 35 1
680 35 1
681 35 1
686 35 1
687 35 1
688 35 1
689 35 1
690 35 1
691 35 1
692 35 1
693 35 1
696 35 1
697 35 1
698 35 1
699 35 1
700 35 1
701 35 1
704 35 1
705 35 1
712 35 1
713 35 1
718 35 1
719 35 1
720 35 1
721 35 1
734 35 1
740 35 1
741 35 1
761 35 1
762 35 1
763 35 1
766 35 1
768 35 1
769 35 1
771 35 1
781 35 1
792 35 1
793 35 1
794 35 1
795 35 1
799 35 1
872 35 1
873 35 1
874 35 1
875 35 1
1051 35 1
1052 35 1
1162 35 1
1163 35 1
1164 35 1
1165 35 1
1166 35 1
1167 35 1
1169 35 1
1180 35 1
1181 35 1
1200 35 1
1389 35 1
1390 35 1
1393 35 1
1394 35 1
1395 35 1
1396 35 1
1397 35 1
1398 35 1
1399 35 1
1400 35 1
1401 35 1
1402 35 1
1403 35 1
1404 35 1
1405 35 1
1406 35 1
507 35 2
508 35 2
509 35 2
512 35 2
666 35 2
667 35 2
668 35 2
669 35 2
682 35 2
683 35 2
702 35 2
703 35 2
706 35 2
707 35 2
708 35 2
709 35 2
710 35 2
711 35 2
716 35 2
717 35 2
728 35 2
729 35 2
730 35 2
732 35 2
733 35 2
748 35 2
770 35 2
782 35 2
783 35 2
798 35 2
876 35 2
877 35 2
1157 35 2
1160 35 2
1161 35 2
1168 35 2
1361 35 2
1391 35 2
1392 35 2
664 35 3
665 35 3
674 35 3
675 35 3
684 35 3
685 35 3
694 35 3
695 35 3
714 35 3
715 35 3
722 35 3
723 35 3
724 35 3
725 35 3
726 35 3
727 35 3
735 35 3
749 35 3
750 35 3
753 35 3
754 35 3
767 35 3
773 35 3
774 35 3
777 35 3
778 35 3
791 35 3
796 35 3
797 35 3
1152 35 3
1154 35 3
1155 35 3
1156 35 3
1158 35 3
1159 35 3
1184 35 3
1185 35 3
1188 35 3
1189 35 3
1192 35 3
1194 35 3
757031 35 3
6394 35 4
9201 35 4
9202 35 4
9203 35 4
9204 35 4
9205 35 4
9206 35 4
9207 35 4
9208 35 4
9209 35 4
9210 35 4
9211 35 4
9213 35 4
9214 35 4
9215 35 4
9216 35 4
9217 35 4
9218 35 4
9219 35 4
9220 35 4
9241 35 4
9255 35 4
9256 35 4
9257 35 4
9258 35 4
9259 35 4
9260 35 4
9261 35 4
9262 35 4
9263 35 4
9264 35 4
9265 35 4
9266 35 4
9267 35 4
9268 35 4
9269 35 4
9270 35 4
9271 35 4
9273 35 4
9274 35 4
9275 35 4
9276 35 4
9277 35 4
9278 35 4
9279 35 4
9280 35 4
9281 35 4
9282 35 4
9283 35 4
9284 35 4
9285 35 4
9286 35 4
9287 35 4
9288 35 4
9289 35 4
9290 35 4
9291 35 4
9292 35 4
9293 35 4
9294 35 4
9295 35 4
9296 35 4
9297 35 4
9298 35 4
9299 35 4
9300 35 4
9301 35 4
9302 35 4
9303 35 4
9304 35 4
9305 35 4
9306 35 4
9307 35 4
9308 35 4
9309 35 4
9310 35 4
9311 35 4
9312 35 4
9313 35 4
9314 35 4
9315 35 4
9316 35 4
9317 35 4
9318 35 4
9319 35 4
9321 35 4
9323 35 4
9324 35 4
9325 35 4
9326 35 4
9327 35 4
9328 35 4
9329 35 4
9330 35 4
9331 35 4
9332 35 4
9333 35 4
9334 35 4
9335 35 4
9336 35 4
9337 35 4
9338 35 4
9339 35 4
9340 35 4
9341 35 4
9342 35 4
9343 35 4
9344 35 4
9345 35 4
9346 35 4
9349 35 4
9350 35 4
9351 35 4
9352 35 4
9355 35 4
9356 35 4
9357 35 4
9359 35 4
9360 35 4
9361 35 4
9362 35 4
9366 35 4
9367 35 4
9368 35 4
9369 35 4
9370 35 4
9371 35 4
9376 35 4
9378 35 4
9379 35 4
9401 35 4
9402 35 4
9403 35 4
9404 35 4
9405 35 4
9406 35 4
9407 35 4
9408 35 4
9409 35 4
9410 35 4
9411 35 4
9412 35 4
9413 35 4
9414 35 4
9415 35 4
9416 35 4
9417 35 4
9418 35 4
9419 35 4
9420 35 4
9421 35 4
9422 35 4
9423 35 4
9424 35 4
9425 35 4
9426 35 4
9427 35 4
9428 35 4
9429 35 4
9430 35 4
9431 35 4
9432 35 4
9433 35 4
9434 35 4
9435 35 4
9436 35 4
9437 35 4
9438 35 4
9439 35 4
9440 35 4
9441 35 4
9442 35 4
9443 35 4
9444 35 4
9445 35 4
9446 35 4
9447 35 4
9448 35 4
9449 35 4
9450 35 4
9451 35 4
9452 35 4
9453 35 4
9454 35 4
9455 35 4
9456 35 4
9457 35 4
9458 35 4
9459 35 4
9460 35 4
9461 35 4
9462 35 4
9463 35 4
9464 35 4
9469 35 4
9470 35 4
9471 35 4
9472 35 4
9473 35 4
9474 35 4
9475 35 4
9476 35 4
9477 35 4
9478 35 4
9479 35 4
9480 35 4
9483 35 4
9484 35 4
9486 35 4
9487 35 4
9488 35 4
9489 35 4
9490 35 4
9491 35 4
9492 35 4
9493 35 4
9494 35 4
9495 35 4
9496 35 4
9601 35 4
9602 35 4
9603 35 4
9604 35 4
9605 35 4
9606 35 4
9607 35 4
9608 35 4
9609 35 4
9610 35 4
9631 35 4
9632 35 4
9634 35 4
9635 35 4
9636 35 4
9637 35 4
9638 35 4
9639 35 4
9640 35 4
9641 35 4
9642 35 4
9643 35 4
9644 35 4
9645 35 4
9691 35 4
9692 35 4
9693 35 4
757032 35 4
820146 35 4
820148 35 4
820801 35 4
820802 35 4
820805 35 4
820806 35 4
820811 35 4
820812 35 4
820815 35 4
820816 35 4
820819 35 4
820820 35 4
820821 35 4
820822 35 4
820823 35 4
820824 35 4
820825 35 4
820826 35 4
820829 35 4
820830 35 4
820831 35 4
820832 35 4
820833 35 4
820834 35 4
820839 35 4
820840 35 4
820841 35 4
820843 35 4
820844 35 4
820845 35 4
820846 35 4
820849 35 4
820850 35 4
820856 35 4
820857 35 4
820858 35 4
513 35 5
514 35 5
515 35 5
516 35 5
517 35 5
518 35 5
519 35 5
520 35 5
521 35 5
522 35 5
524 35 5
526 35 5
528 35 5
529 35 5
531 35 5
532 35 5
566 35 5
567 35 5
568 35 5
569 35 5
570 35 5
571 35 5
575 35 5
576 35 5
578 35 5
579 35 5
586 35 5
587 35 5
588 35 5
589 35 5
591 35 5
592 35 5
593 35 5
594 35 5
595 35 5
596 35 5
597 35 5
598 35 5
1041 35 5
1042 35 5
1360 35 5
7918 35 5
7919 35 5
7920 35 5
19923 35 5
40770 35 5
40771 35 5
820147 35 5
820150 35 5
206 35 6
207 35 6
208 35 6
215 35 6
16380 35 6
56003 35 6
56007 35 6
56009 35 6
56014 35 6
56015 35 6
56016 35 6
56017 35 6
40218 35 7
40220 35 7
40228 35 7
40258 35 7
40383 35 7
40543 35 7
40545 35 7
44286 35 7
6395 35 8
9701 35 8
9702 35 8
16017 35 8
16242 35 8
43786 35 8
44164 35 8
44165 35 8
820152 35 8
16481 40 1
16829 40 1
720508 40 1
720520 40 1
16482 40 2
16830 40 2
720509 40 2
720521 40 2
16487 40 3
16831 40 3
720511 40 3
720523 40 3
16832 40 4
16847 40 4
720512 40 4
720524 40 4
16479 40 5
16540 40 5
16833 40 5
720519 40 5
16486 40 6
16834 40 6
720510 40 6
720522 40 6
12831 40 7
16147 40 7
16151 40 7
16152 40 7
16153 40 7
16154 40 7
16155 40 7
16162 40 7
16163 40 7
16164 40 7
16165 40 7
16167 40 7
16168 40 7
16157 40 8
16158 40 8
16159 40 8
16160 40 8
16161 40 8
56133 40 8
56220 40 8
56519 40 8
3702 40 9
3703 40 9
3718 40 9
3719 40 9
3731 40 9
3732 40 9
3741 40 9
3742 40 9
3749 40 9
3750 40 9
16102 40 10
16103 40 10
16104 40 10
49804 40 10
49805 40 10
49808 40 10
705154 40 10
705155 40 10
705156 40 10
760941 40 10
760942 40 10
760943 40 10
768086 40 10
768087 40 10
768088 40 10
45201 45 1
45202 45 1
45203 45 1
45204 45 1
45205 45 1
45206 45 1
45207 45 1
45208 45 1
45209 45 1
45210 45 1
45211 45 1
45212 45 1
45213 45 1
45214 45 1
45215 45 1
45216 45 1
45217 45 1
45218 45 1
45219 45 1
45220 45 1
45221 45 1
45222 45 1
45223 45 1
45224 45 1
45227 45 1
45228 45 1
45232 45 1
45332 45 1
45503 45 1
45233 45 2
45234 45 2
45235 45 2
45236 45 2
45237 45 2
45238 45 2
45239 45 2
45240 45 2
45241 45 2
45242 45 2
45243 45 2
45244 45 2
45245 45 2
45246 45 2
45247 45 2
45248 45 2
45249 45 2
45250 45 2
45251 45 2
45252 45 2
45254 45 2
45255 45 2
45256 45 2
45258 45 2
45260 45 2
45264 45 2
45513 45 2
45265 45 3
45266 45 3
45267 45 3
45268 45 3
45269 45 3
45270 45 3
45271 45 3
45272 45 3
45273 45 3
45274 45 3
45275 45 3
45276 45 3
45277 45 3
45278 45 3
45279 45 3
45280 45 3
45281 45 3
45282 45 3
45283 45 3
45284 45 3
45285 45 3
45286 45 3
45287 45 3
45288 45 3
45289 45 3
45290 45 3
45292 45 3
45296 45 3
45514 45 3
45297 45 4
45298 45 4
45299 45 4
45300 45 4
45301 45 4
45302 45 4
45335 45 4
45336 45 4
45337 45 4
45338 45 4
45339 45 4
45341 45 4
45342 45 4
45343 45 4
45344 45 4
15129 50 1
15130 50 1
15131 50 1
15132 50 1
15151 50 1
15152 50 1
15153 50 1
15154 50 1
15201 50 1
15254 50 1
15256 50 1
15603 50 1
15605 50 1
15606 50 1
15630 50 1
15632 50 1
15634 50 1
15635 50 1
15636 50 1
15637 50 1
15638 50 1
15639 50 1
15649 50 1
15650 50 1
15651 50 1
15669 50 1
15672 50 1
15674 50 1
15675 50 1
15676 50 1
15690 50 1
15691 50 1
15695 50 1
15696 50 1
15697 50 1
15698 50 1
15699 50 1
15700 50 1
15701 50 1
15702 50 1
15703 50 1
15704 50 1
15705 50 1
15706 50 1
15708 50 1
15709 50 1
15710 50 1
15711 50 1
15740 50 1
15807 50 1
15808 50 1
15809 50 1
15813 50 1
15814 50 1
15815 50 1
15816 50 1
15817 50 1
15818 50 1
15106 50 2
15136 50 2
15206 50 2
15207 50 2
15211 50 2
15212 50 2
15217 50 2
15218 50 2
15221 50 2
15222 50 2
15224 50 2
15255 50 2
15601 50 2
15602 50 2
15610 50 2
15613 50 2
15614 50 2
15616 50 2
15624 50 2
15628 50 2
15629 50 2
15640 50 2
15670 50 2
15687 50 2
15688 50 2
15689 50 2
15712 50 2
15713 50 2
15714 50 2
15715 50 2
15716 50 2
15717 50 2
15801 50 2
15802 50 2
15803 50 2
15804 50 2
15805 50 2
15806 50 2
15021 50 3
15046 50 3
15125 50 3
15127 50 3
15128 50 3
15146 50 3
15147 50 3
15156 50 3
15213 50 3
15214 50 3
15226 50 3
15227 50 3
15604 50 3
15631 50 3
15810 50 3
15811 50 3
15812 50 3
15216 50 4
15219 50 4
15251 50 4
15252 50 4
15253 50 4
15626 50 4
15627 50 4
15633 50 4
15654 50 4
15662 50 4
15663 50 4
15664 50 4
15665 50 4
15666 50 4
15667 50 4
15677 50 4
15720 50 4
15729 50 4
15730 50 4
15731 50 4
15732 50 4
15733 50 4
15734 50 4
15735 50 4
15736 50 4
768160 50 4
18480 65 1
18482 65 1
18483 65 1
18484 65 1
18485 65 1
50006 65 1
50018 65 1
54001 65 2
54003 65 2
54004 65 2
54005 65 2
54012 65 2
54016 65 2
54017 65 2
54018 65 2
54020 65 2
54021 65 2
54022 65 2
54027 65 2
54030 65 2
54032 65 2
59306 65 2
59307 65 2
52501 65 3
52502 65 3
52503 65 3
52504 65 3
52505 65 3
52506 65 3
52509 65 3
52512 65 3
52515 65 3
52518 65 3
52519 65 3
52520 65 3
52521 65 3
52522 65 3
52601 65 4
52602 65 4
52603 65 4
52604 65 4
52605 65 4
52606 65 4
52609 65 4
52612 65 4
52615 65 4
52618 65 4
52619 65 4
52620 65 4
52621 65 4
52622 65 4
52701 65 5
52702 65 5
52703 65 5
52704 65 5
52705 65 5
52706 65 5
52709 65 5
52712 65 5
52715 65 5
52718 65 5
52719 65 5
52720 65 5
52721 65 5
52722 65 5
52801 65 6
52802 65 6
52803 65 6
52804 65 6
52805 65 6
52806 65 6
52809 65 6
52812 65 6
52815 65 6
52818 65 6
52819 65 6
52820 65 6
52821 65 6
52822 65 6
52901 65 7
52902 65 7
52903 65 7
52904 65 7
52905 65 7
52906 65 7
52909 65 7
52912 65 7
52915 65 7
52918 65 7
52919 65 7
52920 65 7
52921 65 7
52922 65 7
59303 65 9
59305 65 9
59103 65 10
59105 65 10
59003 65 11
59005 65 11
59203 65 12
59205 65 12
50801 65 13
50802 65 13
50803 65 13
50804 65 13
50806 65 13
50807 65 13
50808 65 13
50809 65 13
50810 65 13
757010 65 13
49001 70 1
49003 70 1
49004 70 1
49006 70 1
49009 70 1
49011 70 1
49201 70 2
49202 70 2
49203 70 2
49204 70 2
49205 70 2
49206 70 2
49210 70 2
49211 70 2
49301 70 3
49302 70 3
49303 70 3
49304 70 3
49306 70 3
49307 70 3
49310 70 3
49311 70 3
49401 70 4
49402 70 4
49403 70 4
49404 70 4
49405 70 4
49406 70 4
49410 70 4
49411 70 4
54202 70 5
54203 70 5
54205 70 5
54206 70 5
54207 70 5
54208 70 5
54209 70 5
49713 70 6
49722 70 6
49726 70 6
49730 70 6
49714 70 7
49723 70 7
49727 70 7
49731 70 7
49715 70 8
49724 70 8
49728 70 8
49732 70 8
49716 70 9
49725 70 9
49729 70 9
49733 70 9
51001 75 1
51002 75 1
51003 75 1
51004 75 1
51005 75 1
51007 75 1
51008 75 1
51013 75 1
53401 75 2
53402 75 2
53403 75 2
53404 75 2
53405 75 2
53406 75 2
53407 75 2
53408 75 2
53409 75 2
53411 75 2
53501 75 3
53502 75 3
53503 75 3
53504 75 3
53505 75 3
53506 75 3
53507 75 3
53508 75 3
53509 75 3
53511 75 3
53601 75 4
53602 75 4
53603 75 4
53604 75 4
53605 75 4
53606 75 4
53607 75 4
53609 75 4
53701 75 5
53702 75 5
53703 75 5
53704 75 5
53705 75 5
53706 75 5
53707 75 5
53709 75 5
53710 75 5
53801 75 6
53802 75 6
2702 80 1
2704 80 1
2706 80 1
2708 80 1
2710 80 1
3610 80 1
24516 80 1
2002 80 2
2004 80 2
2006 80 2
2008 80 2
2010 80 2
2012 80 2
2014 80 2
2016 80 2
2018 80 2
2020 80 2
2022 80 2
2023 80 2
2202 80 2
2204 80 2
2206 80 2
2208 80 2
2210 80 2
2212 80 2
2214 80 2
2216 80 2
2218 80 2
2220 80 2
2223 80 2
2224 80 2
3114 80 2
3172 80 2
3173 80 2
3174 80 2
3175 80 2
3607 80 2
3839 80 2
24506 80 2
24535 80 2
2102 80 3
2104 80 3
2106 80 3
2108 80 3
2110 80 3
2501 80 3
2502 80 3
2503 80 3
2504 80 3
2505 80 3
2506 80 3
2507 80 3
2508 80 3
2509 80 3
2510 80 3
2511 80 3
2512 80 3
2513 80 3
2514 80 3
2515 80 3
2516 80 3
2517 80 3
2518 80 3
2519 80 3
2520 80 3
2521 80 3
2522 80 3
2523 80 3
2524 80 3
2525 80 3
2526 80 3
2527 80 3
2528 80 3
2529 80 3
2530 80 3
2531 80 3
2532 80 3
2533 80 3
2534 80 3
2535 80 3
2536 80 3
3590 80 3
3604 80 3
24508 80 3
2302 80 4
2304 80 4
2306 80 4
2309 80 4
2311 80 4
2313 80 4
2315 80 4
2316 80 4
2318 80 4
2320 80 4
2381 80 4
2382 80 4
2383 80 4
2384 80 4
2387 80 4
2388 80 4
2389 80 4
2390 80 4
2391 80 4
2392 80 4
2393 80 4
2394 80 4
2395 80 4
2396 80 4
2397 80 4
2398 80 4
2399 80 4
2400 80 4
3605 80 4
3824 80 4
3825 80 4
3826 80 4
3838 80 4
24132 80 4
24133 80 4
24134 80 4
24503 80 4
2814 80 5
2846 80 5
3085 80 5
3245 80 5
3246 80 5
3247 80 5
3248 80 5
3249 80 5
3250 80 5
3251 80 5
3585 80 5
3586 80 5
3003 80 6
3120 80 6
3152 80 6
3402 80 6
3502 80 6
3815 80 6
24502 80 6
25129 80 6
25159 80 6
3146 80 7
3214 80 7
3215 80 7
3216 80 7
3217 80 7
3218 80 7
3219 80 7
24513 80 7
24622 80 7
24626 80 7
24634 80 7
25620 80 7
25621 80 7
25622 80 7
25623 80 7
25624 80 7
25625 80 7
3002 80 8
3006 80 8
3007 80 8
3013 80 8
3017 80 8
3018 80 8
3019 80 8
3020 80 8
3021 80 8
3023 80 8
3025 80 8
3026 80 8
3037 80 8
3038 80 8
3039 80 8
3040 80 8
3041 80 8
3042 80 8
3051 80 8
3052 80 8
3053 80 8
3054 80 8
3061 80 8
3062 80 8
3063 80 8
3070 80 8
3071 80 8
3073 80 8
3074 80 8
3075 80 8
3076 80 8
3077 80 8
3078 80 8
3079 80 8
3080 80 8
3081 80 8
3082 80 8
3083 80 8
3084 80 8
3086 80 8
3100 80 8
3401 80 8
3405 80 8
3406 80 8
3407 80 8
3408 80 8
3409 80 8
3410 80 8
3411 80 8
3412 80 8
3413 80 8
3416 80 8
3417 80 8
3418 80 8
3419 80 8
3501 80 8
3505 80 8
3506 80 8
3507 80 8
3508 80 8
3509 80 8
3510 80 8
3511 80 8
3512 80 8
3513 80 8
3516 80 8
3517 80 8
3518 80 8
3519 80 8
3520 80 8
3521 80 8
3522 80 8
3523 80 8
3524 80 8
3525 80 8
3526 80 8
3527 80 8
3528 80 8
3529 80 8
3530 80 8
3531 80 8
3532 80 8
3533 80 8
3534 80 8
3535 80 8
3536 80 8
3537 80 8
3538 80 8
3539 80 8
3540 80 8
3541 80 8
3542 80 8
3543 80 8
3544 80 8
3545 80 8
3546 80 8
3547 80 8
3548 80 8
3549 80 8
3550 80 8
3551 80 8
3552 80 8
3553 80 8
3554 80 8
3555 80 8
3556 80 8
3557 80 8
3558 80 8
3559 80 8
3560 80 8
3561 80 8
3562 80 8
3563 80 8
3564 80 8
3565 80 8
3589 80 8
3625 80 8
3626 80 8
3627 80 8
3832 80 8
3833 80 8
24106 80 8
24107 80 8
24108 80 8
24109 80 8
24144 80 8
24145 80 8
24146 80 8
24147 80 8
24148 80 8
24149 80 8
24151 80 8
24153 80 8
24155 80 8
24160 80 8
24189 80 8
24193 80 8
24203 80 8
24204 80 8
24205 80 8
24206 80 8
24207 80 8
24208 80 8
24209 80 8
24210 80 8
24211 80 8
24212 80 8
24213 80 8
24214 80 8
24217 80 8
24218 80 8
24219 80 8
24220 80 8
24221 80 8
24222 80 8
24223 80 8
24224 80 8
24225 80 8
24226 80 8
24227 80 8
24228 80 8
24229 80 8
24230 80 8
24231 80 8
24232 80 8
24233 80 8
24234 80 8
24235 80 8
24236 80 8
24237 80 8
24242 80 8
24243 80 8
24252 80 8
24255 80 8
24257 80 8
24259 80 8
24260 80 8
24261 80 8
24262 80 8
24526 80 8
24527 80 8
24610 80 8
24619 80 8
24620 80 8
24621 80 8
24661 80 8
24662 80 8
24801 80 8
24823 80 8
24829 80 8
24830 80 8
24831 80 8
24832 80 8
24833 80 8
24834 80 8
24835 80 8
24836 80 8
24837 80 8
24839 80 8
24840 80 8
24841 80 8
24847 80 8
24848 80 8
24849 80 8
24850 80 8
24851 80 8
24852 80 8
24853 80 8
24854 80 8
24855 80 8
24856 80 8
24857 80 8
24858 80 8
24859 80 8
24860 80 8
24861 80 8
24862 80 8
24863 80 8
24864 80 8
24865 80 8
24866 80 8
24867 80 8
24868 80 8
24869 80 8
24870 80 8
24871 80 8
24872 80 8
24873 80 8
24874 80 8
24875 80 8
24876 80 8
24877 80 8
24878 80 8
25101 80 8
25102 80 8
25103 80 8
25104 80 8
25105 80 8
25106 80 8
25107 80 8
25108 80 8
25109 80 8
25110 80 8
25111 80 8
25112 80 8
25113 80 8
25114 80 8
25115 80 8
25116 80 8
25117 80 8
25118 80 8
25119 80 8
25120 80 8
25121 80 8
25122 80 8
25123 80 8
25124 80 8
25125 80 8
25126 80 8
25128 80 8
25131 80 8
25132 80 8
25133 80 8
25134 80 8
25135 80 8
25136 80 8
25137 80 8
25138 80 8
25139 80 8
25140 80 8
25141 80 8
25142 80 8
25143 80 8
25144 80 8
25145 80 8
25146 80 8
25147 80 8
25148 80 8
25149 80 8
25150 80 8
25151 80 8
25152 80 8
25153 80 8
25154 80 8
25155 80 8
25156 80 8
25157 80 8
25158 80 8
25161 80 8
25162 80 8
25163 80 8
25164 80 8
25165 80 8
25166 80 8
25167 80 8
25168 80 8
25169 80 8
25170 80 8
25171 80 8
25172 80 8
25173 80 8
25174 80 8
25175 80 8
25176 80 8
25177 80 8
25178 80 8
25179 80 8
25180 80 8
25181 80 8
25182 80 8
25183 80 8
25184 80 8
25185 80 8
25186 80 8
25197 80 8
25198 80 8
25199 80 8
25200 80 8
25201 80 8
25202 80 8
25203 80 8
25211 80 8
25212 80 8
25213 80 8
25214 80 8
25215 80 8
25216 80 8
28320 80 8
28323 80 8
3101 80 9
3102 80 9
3103 80 9
3104 80 9
3105 80 9
3106 80 9
3107 80 9
3109 80 9
3110 80 9
3111 80 9
3116 80 9
3153 80 9
3166 80 9
3167 80 9
3168 80 9
3170 80 9
3183 80 9
3184 80 9
3185 80 9
3203 80 9
3204 80 9
3205 80 9
3211 80 9
3212 80 9
3213 80 9
3254 80 9
3577 80 9
3578 80 9
3579 80 9
3587 80 9
3588 80 9
3591 80 9
3595 80 9
3596 80 9
3613 80 9
3619 80 9
3620 80 9
3628 80 9
3629 80 9
3804 80 9
3805 80 9
3821 80 9
3822 80 9
3823 80 9
3831 80 9
3834 80 9
3835 80 9
3836 80 9
3837 80 9
3840 80 9
3841 80 9
3842 80 9
3843 80 9
3844 80 9
24001 80 9
24509 80 9
24511 80 9
24519 80 9
24529 80 9
24533 80 9
24536 80 9
25002 80 9
